run:
AVL(0) or BST(1)?
0
Integers(0) or Strings(1)
0
====AVL Menu====
1.Add
2.Display BFS
3.Display IOS
4.Display POS
5.Time Trial Insert
6.Time Trial Traversal
7.Time Trial Minimum
0.Quit
1
Add: 6
====AVL Menu====
1.Add
2.Display BFS
3.Display IOS
4.Display POS
5.Time Trial Insert
6.Time Trial Traversal
7.Time Trial Minimum
0.Quit
1
Add: 5
====AVL Menu====
1.Add
2.Display BFS
3.Display IOS
4.Display POS
5.Time Trial Insert
6.Time Trial Traversal
7.Time Trial Minimum
0.Quit
1
Add: 4
====AVL Menu====
1.Add
2.Display BFS
3.Display IOS
4.Display POS
5.Time Trial Insert
6.Time Trial Traversal
7.Time Trial Minimum
0.Quit
2
Breadth First Traversal
5
4
6
====AVL Menu====
1.Add
2.Display BFS
3.Display IOS
4.Display POS
5.Time Trial Insert
6.Time Trial Traversal
7.Time Trial Minimum
0.Quit
3
In Order Traversal
4
5
6
====AVL Menu====
1.Add
2.Display BFS
3.Display IOS
4.Display POS
5.Time Trial Insert
6.Time Trial Traversal
7.Time Trial Minimum
0.Quit
4
Pre Order Traversal
5
4
6
====AVL Menu====
1.Add
2.Display BFS
3.Display IOS
4.Display POS
5.Time Trial Insert
6.Time Trial Traversal
7.Time Trial Minimum
0.Quit
5
Time to add to AVL from file: 16ms
====AVL Menu====
1.Add
2.Display BFS
3.Display IOS
4.Display POS
5.Time Trial Insert
6.Time Trial Traversal
7.Time Trial Minimum
0.Quit
7
Minimum: 4
Time to find minimum: 0ms
====AVL Menu====
1.Add
2.Display BFS
3.Display IOS
4.Display POS
5.Time Trial Insert
6.Time Trial Traversal
7.Time Trial Minimum
0.Quit
6
5404
2054
7683
1011
3582
6625
8650
327
1621
2776
4785
6055
7244
8085
9109
98
728
1422
1918
2472
3217
4108
5161
5838
6356
6933
7508
7909
8395
8968
9446
37
230
565
872
1242
1479
1840
1963
2268
2579
3016
3373
3826
4561
4925
5208
5724
5916
6160
6543
6718
7144
7426
7573
7787
7999
8207
8523
8854
9018
9298
9733
6
62
135
260
461
685
769
979
1135
1308
1450
1560
1658
1887
1940
1997
2217
2370
2526
2700
2916
3128
3287
3445
3686
3945
4324
4653
4859
5118
5190
5262
5547
5781
5906
6001
6103
6256
6415
6608
6655
6873
7050
7190
7327
7483
7546
7599
7734
7858
7986
8060
8158
8292
8457
8591
8747
8937
8996
9049
9217
9362
9579
9900
5
26
41
89
120
182
247
290
409
477
647
708
754
794
934
1004
1091
1171
1272
1349
1436
1456
1502
1579
1648
1728
1875
1907
1925
1949
1971
2027
2149
2237
2336
2432
2505
2535
2646
2729
2866
2954
3068
3169
3256
3309
3419
3516
3644
3724
3890
3992
4175
4482
4610
4710
4798
4918
5038
5125
5166
5203
5236
5350
5506
5613
5751
5812
5864
5913
5970
6021
6092
6124
6220
6284
6407
6463
6584
6612
6634
6682
6782
6917
7000
7102
7180
7227
7290
7363
7452
7488
7510
7565
7585
7658
7720
7745
7826
7865
7958
7987
8047
8071
8144
8180
8268
8334
8431
8470
8557
8610
8733
8819
8898
8950
8978
9001
9024
9096
9165
9263
9329
9413
9533
9659
9765
9932
4
13
27
38
48
83
94
108
127
147
207
244
252
275
305
351
427
471
522
616
665
689
720
746
766
786
798
921
954
999
1006
1076
1110
1154
1181
1259
1290
1325
1404
1427
1449
1454
1476
1492
1538
1564
1590
1632
1649
1683
1763
1852
1884
1891
1910
1924
1929
1941
1954
1966
1972
2017
2046
2117
2197
2221
2249
2298
2364
2414
2466
2492
2513
2531
2570
2616
2670
2714
2751
2806
2886
2931
2990
3048
3099
3157
3199
3233
3279
3307
3315
3389
3437
3466
3527
3627
3668
3713
3760
3860
3915
3968
4040
4163
4221
4416
4525
4597
4644
4701
4745
4794
4838
4885
4919
5008
5096
5121
5128
5163
5183
5193
5210
5239
5288
5377
5428
5519
5598
5678
5731
5755
5783
5835
5856
5868
5912
5922
5994
6005
6042
6081
6101
6107
6152
6189
6233
6275
6316
6374
6409
6437
6522
6565
6590
6613
6635
6670
6703
6724
6837
6904
6924
6976
7043
7088
7125
7161
7188
7210
7240
7278
7314
7354
7414
7446
7480
7484
7498
7529
7552
7568
7579
7653
7662
7685
7730
7781
7813
7827
7863
7867
7956
7971
7996
8036
8054
8065
8077
8106
8148
8166
8188
8236
8276
8299
8347
8427
8445
8461
8486
8541
8565
8599
8615
8668
8742
8764
8846
8882
8916
8943
8953
8972
8987
9014
9022
9044
9074
9106
9146
9194
9241
9269
9308
9356
9390
9435
9500
9562
9604
9686
9754
9890
9913
9956
67
105
121
133
141
162
217
272
283
326
341
380
423
457
465
488
543
593
637
661
683
692
730
751
757
767
781
787
870
892
928
972
996
1005
1008
1056
1093
1114
1138
1168
1178
1185
1246
1270
1274
1291
1309
1330
1370
1405
1444
1468
1491
1496
1506
1542
1561
1576
1580
1601
1629
1643
1681
1698
1754
1802
1868
1901
1930
2011
2018
2079
2127
2160
2207
2235
2238
2267
2279
2310
2339
2402
2431
2437
2475
2509
2518
2566
2574
2612
2634
2657
2675
2707
2720
2734
2760
2790
2840
2879
2891
2925
2939
2965
3000
3034
3052
3081
3124
3145
3164
3177
3206
3219
3238
3261
3395
3432
3442
3452
3507
3524
3572
3592
3630
3649
3674
3690
3715
3746
3773
3859
3883
3893
3923
3962
3984
4005
4054
4139
4170
4194
4281
4338
4459
4513
4550
4588
4600
4615
4649
4696
4709
4714
4778
4792
4795
4806
4839
4883
4910
4924
4972
5015
5089
5114
5120
5126
5135
5252
5264
5303
5372
5382
5414
5447
5513
5524
5548
5654
5715
5726
5743
5753
5780
5822
5836
5919
5966
5976
5997
6004
6019
6023
6048
6077
6088
6244
6260
6282
6286
6328
6401
6460
6494
6530
6560
6574
6587
6592
6665
6687
6704
6721
6730
6812
6867
6899
6922
6930
6968
6985
7008
7047
7070
7100
7116
7127
7160
7181
7206
7226
7234
7263
7349
7362
7378
7415
7465
7505
7551
7626
7655
7705
7725
7793
7822
7850
7888
7935
7966
7975
8008
8044
8049
8062
8069
8073
8083
8091
8143
8154
8172
8193
8224
8240
8297
8313
8341
8351
8426
8436
8452
8466
8478
8489
8540
8543
8571
8643
8667
8745
8760
8775
8847
8875
8897
8904
8921
8941
8952
8967
9073
9092
9103
9133
9154
9187
9198
9224
9246
9267
9270
9303
9318
9346
9359
9376
9393
9439
9478
9520
9553
9567
9590
9655
9661
9705
9758
9911
9927
9941
9983
329
350
362
426
489
526
554
575
646
907
1160
1180
1183
1228
1263
1327
1717
1735
2152
2240
2256
2292
2388
2407
2604
2614
2645
2649
2666
2690
2749
2753
2897
2959
2988
2994
3057
3078
3089
3142
3153
3165
3186
3444
3474
3514
3521
3526
3562
3574
3589
3602
3628
3639
3693
3739
3755
3772
3819
3930
3954
3971
4003
4030
4075
4124
4197
4223
4316
4333
4437
4464
4510
4517
4553
4641
4677
4699
4706
4734
4747
4799
4829
4926
5007
5066
5137
5439
5494
5622
5663
5699
5716
5736
6296
6493
6763
6783
6854
7029
7113
7215
7425
8007
8023
8080
8116
8323
8349
8437
8784
8899
8930
9259
9277
9300
9330
9486
9515
9523
9536
9556
9566
9580
9602
9629
9660
9698
9729
9934
3757
4252
4309
9547
9690
Time to traverse AVL Tree: 9ms
====AVL Menu====
1.Add
2.Display BFS
3.Display IOS
4.Display POS
5.Time Trial Insert
6.Time Trial Traversal
7.Time Trial Minimum
0.Quit
0
BUILD SUCCESSFUL (total time: 41 seconds)
