62
565
9263
7683
230
5404
2432
6625
2579
8523
3521
2054
1621
1963
5350
3582
1011
3627
6592
1918
4108
6634
616
3016
2670
1422
260
5414
1449
3724
5208
708
5120
6284
6933
9109
9446
2431
8085
6055
6873
9579
7956
141
8764
3713
7958
9298
9270
685
4925
7244
3992
8071
8395
7826
3287
4714
7909
2776
8565
7730
8144
4615
7278
4003
8650
7426
7865
4316
94
872
5838
6718
7787
5724
3562
2886
6930
6543
2646
2634
4324
8968
2916
9303
3068
6356
7070
9733
7658
892
6415
6608
3826
6328
2017
9604
8158
1728
8610
1135
637
7573
7734
6625
2526
5913
7102
4649
3516
3819
409
1308
9106
3309
4040
4653
8972
7508
5513
4701
3452
1272
8668
2612
1954
6374
1242
8073
4610
2466
3893
4919
3644
2535
7452
2531
8943
3860
252
244
327
8898
5916
1246
3445
728
8347
9096
2729
2566
2370
2472
1560
4054
6522
7144
8540
9308
5121
461
7552
2734
9018
2866
7363
2237
5838
6904
9590
7599
1291
6867
1658
135
5919
9133
6724
9217
6612
3739
7510
4785
6001
5015
6005
6409
98
7240
272
8937
5203
1907
1349
4859
921
1309
3630
1887
7999
3238
5864
1940
4561
769
2604
2760
3945
3962
1840
2492
6152
8461
3233
8065
5678
7116
275
5743
1076
3984
4798
5812
8591
8452
6565
7745
8950
3256
6782
565
409
8457
5781
8207
3419
8615
3128
5622
1884
1576
4600
9413
5906
7414
9956
4838
1404
5783
3279
341
781
3052
5262
7827
7190
8180
6160
2959
2505
1542
9092
6968
121
1479
9729
1649
1590
207
1349
3923
5236
290
4075
1648
1918
2197
8060
3373
7483
6233
5663
9329
2513
8733
4794
4699
83
4482
4588
7498
730
6670
7986
5161
2079
5135
3859
5506
4464
4918
2690
1929
6904
5598
8747
8427
6655
6407
5190
2221
4030
9001
5780
6917
9754
3219
9267
2574
8154
380
3602
4696
7161
1997
9515
7210
5912
9900
5128
9106
1370
1502
5183
2675
2249
3389
6922
8950
4139
1456
8047
6103
7206
8742
1579
427
4644
4710
2954
488
4799
3099
8351
1091
2760
8470
9049
767
4221
7446
522
7000
7662
1683
6101
7188
6286
9729
3760
9913
9686
8292
4525
8599
5008
6530
9533
5382
9165
1181
3890
7720
526
3217
1941
9698
2751
3199
8431
2616
7227
6256
7781
38
1183
3432
9318
2925
3772
979
9146
794
2806
2570
5970
3474
1076
689
1450
6682
6401
3142
457
1259
2336
8667
5835
754
683
6494
8445
7685
665
6275
5118
2475
9346
3746
3315
8489
9562
7546
4653
6437
6584
1270
8916
2891
1972
8745
7125
8875
3883
8541
9567
5303
8571
8967
1891
4517
8188
8054
720
5038
3715
6924
9359
7987
3592
2046
2437
7966
4170
5262
1643
5428
37
147
1601
7327
4163
9269
647
1681
6092
9556
8854
8436
954
2027
305
5377
9566
5922
8083
6687
2268
2879
2931
1971
2364
8978
6899
4597
3089
8148
1492
8426
27
6055
9435
5089
8846
120
3145
5163
3466
2217
4223
9022
4792
9187
2840
1178
6107
3686
329
5751
8062
999
6613
3437
3206
2149
283
350
3527
1852
5239
2570
4709
7180
7529
7858
3124
1308
9580
7996
7867
9241
7863
8847
9765
3169
5096
2414
1290
6316
9194
5822
9224
8760
477
9602
6837
3157
2238
9362
9553
1006
9390
8557
4416
1491
2207
9439
6730
5264
1110
2509
1910
9890
9983
692
9014
9390
7822
8819
6077
471
7362
465
954
9478
5997
7314
3034
1476
1698
182
2614
8775
7725
6189
5125
798
4745
247
3589
6088
870
8276
1325
9500
9758
661
8466
8334
8091
6590
4839
217
8952
5613
13
7565
3442
108
7160
4124
8036
1564
4778
2117
8299
9932
3153
543
9941
5126
6635
9376
7050
8953
1171
7585
8543
3674
4885
8921
4701
5210
9927
7813
1901
5856
1925
2310
2518
7181
6023
2753
8996
1875
4926
326
8166
5868
6021
7579
8897
6282
8268
1330
2700
9044
6004
1698
465
9659
1924
3078
2437
6124
9523
3000
1930
7008
7378
6985
1802
8341
1228
8313
3574
9655
9024
1327
7850
1138
3773
9911
5663
1629
2645
8297
9580
6220
4926
1454
7088
1056
6665
7480
1056
5114
787
6574
3307
7354
7226
8240
5519
3639
1405
5547
3177
3628
1436
8236
2018
3507
9073
934
2407
133
41
4641
2267
2749
3395
1949
6812
6854
5252
5548
4338
8904
8106
7047
5372
2720
8953
4747
1274
3444
5755
3968
1008
7127
9536
7484
996
8077
8143
2298
1966
5731
8049
7975
4459
1763
8941
7488
1180
8172
3755
3164
2714
5439
4706
6590
9308
9661
1004
9705
1093
2235
3639
3081
7626
593
5994
6463
2279
423
2707
8023
554
4281
3915
9198
7935
351
7043
3524
5716
1005
8224
6560
426
489
1717
4333
1154
2160
1580
3954
8987
5715
9300
7415
1754
8899
5447
9934
4550
1468
1735
2402
8478
9074
8080
127
4510
3165
972
1561
7290
3572
1506
2990
7505
3690
5066
7971
8069
2240
9547
1496
8987
5836
8193
7653
8044
7683
4175
2657
7568
2988
4795
7705
7100
2790
3048
5166
6976
7349
5494
1427
8930
89
7626
9154
5193
6019
1491
6460
751
786
8643
1735
6587
6704
8437
8323
1185
5699
6721
2994
928
6260
6042
9246
6703
3526
3668
4513
7029
8486
2649
5193
9660
6244
5976
4194
3693
7465
2256
5966
766
2388
907
8008
4553
7585
4197
7793
7234
575
4252
9277
4924
162
9356
8557
4972
2339
2152
5726
4806
2965
5137
9486
7113
3287
8882
4309
9520
1868
4437
1168
362
7263
4734
6763
2011
1114
2897
7551
2939
7425
3930
7215
9259
7781
105
2127
6048
3514
4005
4829
6296
8349
3186
1160
8007
2666
260
9330
1444
5288
4910
9393
4677
67
8784
746
1263
9629
9690
646
2292
6613
3261
6081
5736
7655
4883
6783
6493
3057
1632
3757
26
9103
3649
5524
8236
1538
3971
5007
7888
5753
5654
757
48
8116